70,2
70,5
70,4
68,5
68,4
10,125
9,5
8,15
10,112
10,178
10,276
10,304
10,268
10,116
10,278
10,102
10,2
10,3
11,4
11,2
11,3
9,7
9,4
9,1
9,6
9,2
9,3
8,6
8,10
8,12
8,4
8,9
8,14
8,3
75,7
75,6
75,5
75,4
75,3
75,2
75,1
75,0
74,7
74,6
74,5
74,4
74,3
74,2
74,1
74,0
70,3
70,1
68,3
68,1
65,3
65,1
51,3
51,1
48,3
48,1
46,3
46,1
42,4
42,3
42,1
41,3
41,1
39,3
39,1
37,3
37,1
35,3
35,1
32,3
32,1
20,3
20,2
20,1
19,3
19,2
19,1
17,3
17,2
17,1
16,3
16,2
16,1
15,3
15,2
15,1
14,2
13,2
12,3
12,2
12,1
11,29
11,28
11,27
11,26
11,25
11,24
11,23
11,22
11,21
11,20
11,19
11,18
11,17
11,16
11,15
11,14
11,13
11,1
11,12
10,233
10,185
10,175
10,119
10,85
10,35
10,1
18,1
18,3
